n	rho	par	coverage
50	-0.8	phi11	0.84
50	-0.8	phi12	0.86
50	-0.8	phi21	0.85
50	-0.8	phi22	0.86
50	-0.8	Beta11	0.94
50	-0.8	Beta12	0.94
50	-0.8	Beta21	0.94
50	-0.8	Beta22	0.94
50	-0.8	rho	0.88
50	0.2	phi11	0.87
50	0.2	phi12	0.85
50	0.2	phi21	0.89
50	0.2	phi22	0.88
50	0.2	Beta11	0.94
50	0.2	Beta12	0.94
50	0.2	Beta21	0.94
50	0.2	Beta22	0.94
50	0.2	rho	0.91
50	0.5	phi11	0.87
50	0.5	phi12	0.86
50	0.5	phi21	0.88
50	0.5	phi22	0.86
50	0.5	Beta11	0.94
50	0.5	Beta12	0.93
50	0.5	Beta21	0.95
50	0.5	Beta22	0.95
50	0.5	rho	0.91
50	0.8	phi11	0.83
50	0.8	phi12	0.83
50	0.8	phi21	0.82
50	0.8	phi22	0.83
50	0.8	Beta11	0.95
50	0.8	Beta12	0.95
50	0.8	Beta21	0.94
50	0.8	Beta22	0.94
50	0.8	rho	0.86
100	-0.8	phi11	0.86
100	-0.8	phi12	0.87
100	-0.8	phi21	0.87
100	-0.8	phi22	0.87
100	-0.8	Beta11	0.95
100	-0.8	Beta12	0.94
100	-0.8	Beta21	0.96
100	-0.8	Beta22	0.94
100	-0.8	rho	0.86
100	0.2	phi11	0.89
100	0.2	phi12	0.90
100	0.2	phi21	0.90
100	0.2	phi22	0.91
100	0.2	Beta11	0.95
100	0.2	Beta12	0.94
100	0.2	Beta21	0.94
100	0.2	Beta22	0.94
100	0.2	rho	0.91
100	0.5	phi11	0.90
100	0.5	phi12	0.91
100	0.5	phi21	0.90
100	0.5	phi22	0.91
100	0.5	Beta11	0.95
100	0.5	Beta12	0.93
100	0.5	Beta21	0.95
100	0.5	Beta22	0.94
100	0.5	rho	0.91
100	0.8	phi11	0.86
100	0.8	phi12	0.89
100	0.8	phi21	0.85
100	0.8	phi22	0.87
100	0.8	Beta11	0.94
100	0.8	Beta12	0.95
100	0.8	Beta21	0.95
100	0.8	Beta22	0.95
100	0.8	rho	0.88
300	-0.8	phi11	0.89
300	-0.8	phi12	0.89
300	-0.8	phi21	0.88
300	-0.8	phi22	0.89
300	-0.8	Beta11	0.95
300	-0.8	Beta12	0.95
300	-0.8	Beta21	0.93
300	-0.8	Beta22	0.95
300	-0.8	rho	0.88
300	0.2	phi11	0.93
300	0.2	phi12	0.94
300	0.2	phi21	0.93
300	0.2	phi22	0.94
300	0.2	Beta11	0.94
300	0.2	Beta12	0.95
300	0.2	Beta21	0.95
300	0.2	Beta22	0.94
300	0.2	rho	0.93
300	0.5	phi11	0.93
300	0.5	phi12	0.91
300	0.5	phi21	0.92
300	0.5	phi22	0.92
300	0.5	Beta11	0.96
300	0.5	Beta12	0.95
300	0.5	Beta21	0.94
300	0.5	Beta22	0.95
300	0.5	rho	0.91
300	0.8	phi11	0.89
300	0.8	phi12	0.88
300	0.8	phi21	0.89
300	0.8	phi22	0.87
300	0.8	Beta11	0.95
300	0.8	Beta12	0.96
300	0.8	Beta21	0.95
300	0.8	Beta22	0.95
300	0.8	rho	0.87
600	-0.8	phi11	0.88
600	-0.8	phi12	0.87
600	-0.8	phi21	0.87
600	-0.8	phi22	0.87
600	-0.8	Beta11	0.94
600	-0.8	Beta12	0.94
600	-0.8	Beta21	0.94
600	-0.8	Beta22	0.94
600	-0.8	rho	0.86
600	0.2	phi11	0.94
600	0.2	phi12	0.93
600	0.2	phi21	0.94
600	0.2	phi22	0.95
600	0.2	Beta11	0.96
600	0.2	Beta12	0.95
600	0.2	Beta21	0.94
600	0.2	Beta22	0.95
600	0.2	rho	0.95
600	0.5	phi11	0.92
600	0.5	phi12	0.92
600	0.5	phi21	0.91
600	0.5	phi22	0.92
600	0.5	Beta11	0.95
600	0.5	Beta12	0.94
600	0.5	Beta21	0.95
600	0.5	Beta22	0.94
600	0.5	rho	0.92
600	0.8	phi11	0.88
600	0.8	phi12	0.88
600	0.8	phi21	0.89
600	0.8	phi22	0.87
600	0.8	Beta11	0.94
600	0.8	Beta12	0.95
600	0.8	Beta21	0.95
600	0.8	Beta22	0.95
600	0.8	rho	0.88

