n	rho	par	bias	lwr	upr
50	-0.8	phi11	-0.0171131	-0.23533505	0.20110889
50	-0.8	phi12	-0.0928236	-0.95346201	0.76781491
50	-0.8	phi21	-0.0336149	-0.47088497	0.40365513
50	-0.8	phi22	-0.3661405	-4.70836406	3.97608298
50	-0.8	Beta11	6.81E-05	-0.10017031	0.1003066
50	-0.8	Beta12	0.0008046	-0.11996022	0.12156949
50	-0.8	Beta21	-0.022158	-1.2373267	1.1930108
50	-0.8	Beta22	-0.010401	-21.02890062	21.00809867
50	-0.8	rho	0.0062916	-0.07389602	0.08647925
50	0.2	phi11	-0.0175522	-0.28072062	0.24561629
50	0.2	phi12	-0.1321405	-1.14922685	0.88494595
50	0.2	phi21	-0.0355491	-0.56197039	0.49087213
50	0.2	phi22	-0.4180638	-5.63839622	4.80226864
50	0.2	Beta11	-0.0018875	-0.10121955	0.09744452
50	0.2	Beta12	0.00057	-0.11779008	0.11893001
50	0.2	Beta21	0.0352803	-1.17063092	1.24119147
50	0.2	Beta22	-0.0131074	-20.80450002	20.77828524
50	0.2	rho	0.000292	-0.2531927	0.25377665
50	0.5	phi11	-0.0210534	-0.26699434	0.22488753
50	0.5	phi12	-0.1125683	-1.08677761	0.86164111
50	0.5	phi21	-0.0209935	-0.52419535	0.48220827
50	0.5	phi22	-0.5818452	-5.4411384	4.27744799
50	0.5	Beta11	0.001487	-0.09742474	0.10039883
50	0.5	Beta12	-0.0005847	-0.12009579	0.11892633
50	0.5	Beta21	-0.0040598	-1.2167251	1.20860542
50	0.5	Beta22	-0.3133353	-20.98042105	20.3537505
50	0.5	rho	-0.0121984	-0.19969346	0.17529659
50	0.8	phi11	-0.0178093	-0.23414747	0.1985289
50	0.8	phi12	-0.0842417	-0.95152603	0.78304271
50	0.8	phi21	-0.0311204	-0.46471115	0.40247029
50	0.8	phi22	-0.4235239	-4.75668908	3.90964127
50	0.8	Beta11	-0.0002817	-0.10012001	0.09955671
50	0.8	Beta12	-0.0047262	-0.12655691	0.11710447
50	0.8	Beta21	0.0243614	-1.18864864	1.23737152
50	0.8	Beta22	-0.4382948	-21.46567617	20.58908666
50	0.8	rho	-0.0062458	-0.0864118	0.07392027
100	-0.8	phi11	-0.007579495	-0.16557613	0.15041714
100	-0.8	phi12	-0.057917564	-0.6813458	0.56551067
100	-0.8	phi21	-0.009429852	-0.32761232	0.30875262
100	-0.8	phi22	-0.21511428	-3.35653562	2.92630706
100	-0.8	Beta11	-0.000492125	-0.07100222	0.07198647
100	-0.8	Beta12	-0.000348597	-0.0865837	0.08588651
100	-0.8	Beta21	-0.009033041	-0.88004496	0.86197888
100	-0.8	Beta22	-0.108291701	-15.11309007	14.89650667
100	-0.8	rho	-0.002853285	-0.05297341	0.05867998
100	0.2	phi11	-0.0091828	-0.19899334	0.18062768
100	0.2	phi12	-0.0537085	-0.80690964	0.69949255
100	0.2	phi21	-0.0243198	-0.40183935	0.35319967
100	0.2	phi22	-0.2517064	-4.02499053	3.52157776
100	0.2	Beta11	-0.0001984	-0.07126305	0.07086623
100	0.2	Beta12	0.0013128	-0.08453549	0.08716109
100	0.2	Beta21	0.0082607	-0.85255433	0.86907577
100	0.2	Beta22	0.1050042	-14.81035433	15.02036263
100	0.2	rho	-0.0037922	-0.18603507	0.17845072
100	0.5	phi11	-0.0145894	-0.19291053	0.16373166
100	0.5	phi12	-0.0457154	-0.75629756	0.66486683
100	0.5	phi21	-0.0185107	-0.37914315	0.34212184
100	0.5	phi22	-0.0846086	-3.6883842	3.51916704
100	0.5	Beta11	-0.0009818	-0.07200353	0.07004002
100	0.5	Beta12	-0.000693	-0.08667103	0.08528507
100	0.5	Beta21	0.0112957	-0.85570843	0.87829981
100	0.5	Beta22	-0.2476024	-15.25358643	14.75838171
100	0.5	rho	-0.0064829	-0.13868101	0.12571513
100	0.8	phi11	-0.0097818	-0.16731115	0.14774761
100	0.8	phi12	-0.0470817	-0.67367533	0.57951187
100	0.8	phi21	-0.0216146	-0.33633441	0.29310519
100	0.8	phi22	-0.2200087	-3.35606622	2.91604873
100	0.8	Beta11	-0.0016834	-0.07319933	0.0698325
100	0.8	Beta12	-0.0005396	-0.08694325	0.0858641
100	0.8	Beta21	-0.0199495	-0.88593163	0.8460327
100	0.8	Beta22	0.0400765	-14.94620866	15.02636159
100	0.8	rho	-0.0026811	-0.05846424	0.05310206
300	-0.8	phi11	-0.0023181	-0.0956235	0.09098722
300	-0.8	phi12	-0.0219541	-0.39228787	0.34837967
300	-0.8	phi21	-0.0053708	-0.1918753	0.18113376
300	-0.8	phi22	-0.1063395	-1.95859014	1.74591118
300	-0.8	Beta11	-0.0005192	-0.04203535	0.04099685
300	-0.8	Beta12	0.0006256	-0.04962627	0.05087739
300	-0.8	Beta21	-0.0033575	-0.50733607	0.50062111
300	-0.8	Beta22	-0.0918751	-8.81425104	8.63050078
300	-0.8	rho	0.0010112	-0.03094858	0.03297088
300	0.2	phi11	-0.0050505	-0.11588107	0.10578005
300	0.2	phi12	-0.0299008	-0.47123678	0.41143527
300	0.2	phi21	-0.0044694	-0.22740469	0.21846585
300	0.2	phi22	-0.0691049	-2.29381659	2.15560684
300	0.2	Beta11	-0.0005715	-0.04194216	0.04079919
300	0.2	Beta12	0.0011825	-0.04883756	0.05120253
300	0.2	Beta21	-0.0062482	-0.51005613	0.49755971
300	0.2	Beta22	0.272338	-8.44971439	8.99439038
300	0.2	rho	-0.0025282	-0.10878919	0.10373278
300	0.5	phi11	0.0004948	-0.10495138	0.10594102
300	0.5	phi12	-0.0371091	-0.45300442	0.37878629
300	0.5	phi21	-0.000163	-0.21077225	0.2104463
300	0.5	phi22	-0.0886524	-2.18876672	2.01146194
300	0.5	Beta11	-0.0012621	-0.04282976	0.04030561
300	0.5	Beta12	0.0020088	-0.04798576	0.0520034
300	0.5	Beta21	-0.0051552	-0.50943919	0.49912881
300	0.5	Beta22	0.2301208	-8.49946751	8.95970912
300	0.5	rho	-8.60E-06	-0.07577352	7.58E-02
300	0.8	phi11	-0.0032579	-0.09645629	0.08994055
300	0.8	phi12	-0.0216397	-0.3918145	0.34853503
300	0.8	phi21	-0.0047486	-0.1914611	0.18196394
300	0.8	phi22	-0.1237029	-1.9715977	1.72419181
300	0.8	Beta11	-0.001265	-0.04273189	0.04020191
300	0.8	Beta12	-0.0003693	-0.05067975	0.04994109
300	0.8	Beta21	-0.0159839	-0.51953656	0.48756867
300	0.8	Beta22	0.0459919	-8.67597695	8.76796079
300	0.8	rho	-0.0010269	-0.03298889	0.03093511
600	-0.8	phi11	-0.0009160605	-0.06671813	0.064886
600	-0.8	phi12	-0.0298047458	-0.29024084	0.23063135
600	-0.8	phi21	-0.0024650531	-0.13398909	0.12905898
600	-0.8	phi22	-0.0742602889	-1.386209	1.237688
600	-0.8	Beta11	-0.000174422	-0.02953243	0.02918358
600	-0.8	Beta12	0.001575721	-0.03389875	0.03705019
600	-0.8	Beta21	0.006217885	-0.35056804	0.36300381
600	-0.8	Beta22	-0.241288739	-6.42308174	5.94050426
600	-0.8	rho	0.0007286207	-0.02184242	0.02329966
600	0.2	phi11	-0.001521795	-0.0804682	0.07742461
600	0.2	phi12	-0.028813374	-0.34088555	0.2832588
600	0.2	phi21	-0.002581398	-0.16054997	0.15538717
600	0.2	phi22	-0.013746275	-1.59475975	1.56726720
600	0.2	Beta11	-0.000753093	-0.03012025	0.02861406
600	0.2	Beta12	5.27E-05	-0.03538446	0.03548992
600	0.2	Beta21	-0.003556255	-0.36038414	0.35327163
600	0.2	Beta22	-0.074187944	-6.264429	6.116053
600	0.2	rho	0.001103478	-0.074017	0.07622395
600	0.5	phi11	-0.003254033	-0.07763117	0.07112311
600	0.5	phi12	-0.026837618	-0.32271946	0.26904422
600	0.5	phi21	-0.003573242	-0.15279034	0.14564386
600	0.5	phi22	-0.038010892	-1.53183	1.455808
600	0.5	Beta11	-0.000360194	-0.02970539	0.028985
600	0.5	Beta12	0.000970588	-0.03443847	0.03637965
600	0.5	Beta21	0.006467634	-0.35072816	0.36366342
600	0.5	Beta22	0.224451174	-5.9554612	6.4043636
600	0.5	rho	-0.002427396	-0.0562802	0.05142541
600	0.8	phi11	-0.002616018	-0.06843346	0.06320143
600	0.8	phi12	-0.0261385539	-0.28705356	0.23477645
600	0.8	phi21	-0.0028424714	-0.13478992	0.12910498
600	0.8	phi22	-0.0877899721	-1.3981556	1.2225757
600	0.8	Beta11	-0.000351572	-0.02970066	0.02899752
600	0.8	Beta12	0.000276302	-0.03521227	0.03576487
600	0.8	Beta21	-0.00315613	-0.36019033	0.35387807
600	0.8	Beta22	0.052076392	-6.1209073	6.2250601
600	0.8	rho	-0.0007565654	-0.02333013	0.021817

